Track: 17 Sector: 15
Dados encoded para atualizar
96 9A 9B 97 96 96 96 96 96 96 96 97 9A 9A 97 9A 9A 96 9B 9B 96 96 96 96 96 96 96 96 96 96 96 96 96 96 96 96 96 96 96 96 96 96 96 96 97 97 96 9B 9A 97 9A 97 97 96 9B 9A 9B 96 96 96 96 96 96 96 96 96 96 96 96 96 96 96 96 96 96 96 96 96 96 97 97 96 96 96 96 D6 D6 9D A6 9B 96 96 96 96 96 96 96 9D A6 9B EF 9B 9A 96 96 CB 96 96 96 96 96 96 96 96 96 96 96 96 96 96 96 96 96 96 96 96 96 96 96 96 DF 96 9E 9F 9B F2 9F 9E 9A 9A 9B 96 CB 96 96 96 96 96 96 96 96 96 96 96 96 96 96 96 96 96 96 96 96 96 96 DF 96 96 96 96 96 96 96 96 96 96 96 96 96 96 96 96 96 96 96 96 96 96 96 96 96 96 96 96 96 96 96 96 96 96 96 96 96 96 96 96 96 96 96 96 96 96 96 96 96 96 96 96 96 96 96 96 96 96 96 96 96 96 96 96 96 96 96 96 96 96 96 96 96 96 96 96 96 96 96 96 96 96 96 96 96 96 96 96 96 96 96 96 96 96 96 96 96 96 96 96 96 96 96 96 96 96 96 96 96 96 96 96 96 96 96 96 96 96 96 96 96 96 96 96 96 96 96 96 96 96 96 96 96 96 96 96 96 96 96 96 96 96 96 96 96 96 96 96 96 96 96 96 96 96 96 96 96 96 96 96 96 96 96 96 96 96 96 96 96 96 96 96 96 96 96 96 96 
----------------------

Dados encoded original do disco
96 9A 9B 97 96 96 96 96 96 96 96 97 9A 9A 97 9A 9A 96 9B 9B 96 96 96 96 96 96 96 96 96 96 96 96 96 96 96 96 96 96 96 96 96 96 96 96 97 97 96 9B 9A 97 9A 97 97 96 9B 9A 9B 96 96 96 96 96 96 96 96 96 96 96 96 96 96 96 96 96 96 96 96 96 96 9A 9A 96 96 96 96 96 96 9D A6 9B 96 96 96 96 96 96 96 9D A6 9B EF 9B 9A 96 96 CB 96 96 96 96 96 96 96 96 96 96 96 96 96 96 96 96 96 96 96 96 96 96 96 96 DF 96 9E 9F 9B F2 9F 9E 9A 9A 9B 96 CB 96 96 96 96 96 96 96 96 96 96 96 96 96 96 96 96 96 96 96 96 96 96 DF 96 96 96 96 96 96 96 96 96 96 96 96 96 96 96 96 96 96 96 96 96 96 96 96 96 96 96 96 96 96 96 96 96 96 96 96 96 96 96 96 96 96 96 96 96 96 96 96 96 96 96 96 96 96 96 96 96 96 96 96 96 96 96 96 96 96 96 96 96 96 96 96 96 96 96 96 96 96 96 96 96 96 96 96 96 96 96 96 96 96 96 96 96 96 96 96 96 96 96 96 96 96 96 96 96 96 96 96 96 96 96 96 96 96 96 96 96 96 96 96 96 96 96 96 96 96 96 96 96 96 96 96 96 96 96 96 96 96 96 96 96 96 96 96 96 96 96 96 96 96 96 96 96 96 96 96 96 96 96 96 96 96 96 96 96 96 96 96 96 96 96 96 96 96 96 96 96 
----------------------

Dados decoded para atualizar o disco
00 11 0E 00 00 00 00 00 00 00 00 12 0F 02 C8 C5 CC CC CF A0 A0 A0 A0 A0 A0 A0 A0 A0 A0 A0 A0 A0 A0 A0 A0 A0 A0 A0 A0 A0 A0 A0 A0 A0 02 00 14 0F 02 CC D5 C3 C9 C1 CE CF A0 A0 A0 A0 A0 A0 A0 A0 A0 A0 A0 A0 A0 A0 A0 A0 A0 A0 A0 A0 A0 A0 A0 02 00 00 00 00 00 00 00 00 00 00 00 00 00 00 00 00 00 00 00 00 00 00 00 00 00 00 00 00 00 00 00 00 00 00 00 00 00 00 00 00 00 00 00 00 00 00 00 00 00 00 00 00 00 00 00 00 00 00 00 00 00 00 00 00 00 00 00 00 00 00 00 00 00 00 00 00 00 00 00 00 00 00 00 00 00 00 00 00 00 00 00 00 00 00 00 00 00 00 00 00 00 00 00 00 00 00 00 00 00 00 00 00 00 00 00 00 00 00 00 00 00 00 00 00 00 00 00 00 00 00 00 00 00 00 00 00 00 00 00 00 00 00 00 00 00 00 00 00 00 00 00 00 00 00 00 00 00 00 00 00 00 00 00 00 00 00 00 00 00 00 00 00 00 00 00 00 
----------------------

Dados decoded original do disco
00 11 0E 00 00 00 00 00 00 00 00 12 0F 02 C8 C5 CC CC CF A0 A0 A0 A0 A0 A0 A0 A0 A0 A0 A0 A0 A0 A0 A0 A0 A0 A0 A0 A0 A0 A0 A0 A0 A0 02 00 14 0F 02 CC D5 C3 C9 C1 CE CF A0 A0 A0 A0 A0 A0 A0 A0 A0 A0 A0 A0 A0 A0 A0 A0 A0 A0 A0 A0 A0 A0 A0 01 00 00 00 00 00 00 00 00 00 00 00 00 00 00 00 00 00 00 00 00 00 00 00 00 00 00 00 00 00 00 00 00 00 00 00 00 00 00 00 00 00 00 00 00 00 00 00 00 00 00 00 00 00 00 00 00 00 00 00 00 00 00 00 00 00 00 00 00 00 00 00 00 00 00 00 00 00 00 00 00 00 00 00 00 00 00 00 00 00 00 00 00 00 00 00 00 00 00 00 00 00 00 00 00 00 00 00 00 00 00 00 00 00 00 00 00 00 00 00 00 00 00 00 00 00 00 00 00 00 00 00 00 00 00 00 00 00 00 00 00 00 00 00 00 00 00 00 00 00 00 00 00 00 00 00 00 00 00 00 00 00 00 00 00 00 00 00 00 00 00 00 00 00 00 00 00 
----------------------

